  0     0      1.98369477733
  0     2    0.0403346601956
  0    11   -0.0454135706601
  0    14   -0.00398801845713
  1     1      1.97821640694
  1     7   -0.0624245850361
  1    10   -0.0440191352543
  1    15    0.0255049773405
  2     0    0.0403346601956
  2     2      1.52042366292
  2    11   -0.0339264466593
  2    14    0.0609810467104
  3     3      1.18508832764
  3     8    0.0743168018221
  4     4      1.18495794578
  4     9     0.074859686204
  5     5     0.795980916428
  5    12    0.0627976495319
  6     6     0.796175934136
  6    13    0.0626389348463
  7     1   -0.0624245850361
  7     7     0.472204082427
  7    10    0.0515541045098
  7    15    0.0126468775938
  8     3    0.0743168018221
  8     8    0.0115010158123
  9     4     0.074859686204
  9     9    0.0115282814884
 10     1   -0.0440191352543
 10     7    0.0515541045098
 10    10    0.0133657574613
 10    15   -0.00164872305331
 11     0   -0.0454135706601
 11     2   -0.0339264466593
 11    11    0.0139573365289
 11    14   -0.00255234189072
 12     5    0.0627976495319
 12    12   0.00957744999616
 13     6    0.0626389348463
 13    13   0.00951566784069
 14     0   -0.00398801845713
 14     2    0.0609810467104
 14    11   -0.00255234189072
 14    14   0.00903704389806
 15     1    0.0255049773405
 15     7    0.0126468775938
 15    10   -0.00164872305331
 15    15   0.00477539336883
