  0     0   0.99184739
  0     4   0.02016733
  0    22   -0.022706786
  0    28   -0.0019940093
  1     1   0.99184739
  1     5   0.02016733
  1    23   -0.022706785
  1    29   -0.0019940091
  2     2    0.9891082
  2    14   -0.031212293
  2    20   -0.022009568
  2    30   0.012752488
  3     3    0.9891082
  3    15   -0.031212292
  3    21   -0.022009568
  3    31   0.012752489
  4     0   0.02016733
  4     4   0.76021186
  4    22   -0.016963224
  4    28   0.030490525
  5     1   0.02016733
  5     5   0.76021181
  5    23   -0.016963223
  5    29   0.030490522
  6     6    0.5925463
  6    16   0.037158469
  7     7   0.59254203
  7    17   0.037158333
  8     8   0.59247681
  8    18   0.037429773
  9     9   0.59248114
  9    19   0.037429913
 10    10   0.39798823
 10    24   0.031398688
 11    11   0.39799269
 11    25   0.031398962
 12    12   0.39809018
 12    26   0.031319605
 13    13   0.39808576
 13    27   0.03131933
 14     2   -0.031212293
 14    14   0.23610206
 14    20   0.025777054
 14    30   0.0063234385
 15     3   -0.031212292
 15    15   0.23610202
 15    21   0.02577705
 15    31   0.0063234391
 16     6   0.037158469
 16    16   0.0057505364
 17     7   0.037158333
 17    17   0.0057504795
 18     8   0.037429773
 18    18   0.0057641125
 19     9   0.037429913
 19    19   0.005764169
 20     2   -0.022009568
 20    14   0.025777054
 20    20   0.006682879
 20    30   -0.00082436136
 21     3   -0.022009568
 21    15   0.02577705
 21    21   0.0066828785
 21    31   -0.00082436169
 22     0   -0.022706786
 22     4   -0.016963224
 22    22   0.0069786683
 22    28   -0.001276171
 23     1   -0.022706785
 23     5   -0.016963223
 23    23   0.0069786682
 23    29   -0.0012761709
 24    10   0.031398688
 24    24   0.0047886987
 25    11   0.031398962
 25    25   0.0047887513
 26    12   0.031319605
 26    26   0.0047578599
 27    13   0.03131933
 27    27   0.0047578079
 28     0   -0.0019940093
 28     4   0.030490525
 28    22   -0.001276171
 28    28   0.0045185223
 29     1   -0.0019940091
 29     5   0.030490522
 29    23   -0.0012761709
 29    29   0.0045185216
 30     2   0.012752488
 30    14   0.0063234385
 30    20   -0.00082436136
 30    30   0.0023876967
 31     3   0.012752489
 31    15   0.0063234391
 31    21   -0.00082436169
 31    31   0.0023876966
