0 0 1.999967539037945
0 1 0
0 2 -7.063527626323503e-05
0 3 0
0 4 0
0 5 0
0 6 0
0 7 0
0 8 0
0 9 0
0 10 0
0 11 -0.004782626860835075
0 12 0
0 13 0
0 14 0
0 15 0
1 0 0
1 1 1.999961218086484
1 2 0
1 3 0
1 4 0
1 5 0
1 6 0
1 7 0
1 8 0
1 9 0
1 10 0
1 11 0
1 12 0
1 13 0
1 14 0
1 15 0.004941648595035663
2 0 -7.063527626323503e-05
2 1 0
2 2 1.6383123704521
2 3 0
2 4 0
2 5 0
2 6 0
2 7 0
2 8 0
2 9 0
2 10 0
2 11 -0.0109148470248204
2 12 0
2 13 0
2 14 0.02325127799180168
2 15 0
3 0 0
3 1 0
3 2 0
3 3 1.172401163386243
3 4 0
3 5 0
3 6 0
3 7 0
3 8 0.05492390124844247
3 9 0
3 10 0
3 11 0
3 12 0
3 13 0
3 14 0
3 15 0
4 0 0
4 1 0
4 2 0
4 3 0
4 4 1.246843896073767
4 5 0
4 6 0
4 7 0
4 8 0
4 9 0.05718858683815708
4 10 0
4 11 0
4 12 0
4 13 0
4 14 0
4 15 0
5 0 0
5 1 0
5 2 0
5 3 0
5 4 0
5 5 0.7462853818350591
5 6 0
5 7 0
5 8 0
5 9 0
5 10 0
5 11 0
5 12 0.03797536025930687
5 13 0
5 14 0
5 15 0
6 0 0
6 1 0
6 2 0
6 3 0
6 4 0
6 5 0
6 6 0.8206265668961705
6 7 0
6 8 0
6 9 0
6 10 0
6 11 0
6 12 0
6 13 0.04180057214703056
6 14 0
6 15 0
7 0 0
7 1 0
7 2 0
7 3 0
7 4 0
7 5 0
7 6 0
7 7 0.3607397386915023
7 8 0
7 9 0
7 10 0
7 11 0
7 12 0
7 13 0
7 14 0
7 15 0
8 0 0
8 1 0
8 2 0
8 3 0.05492390124844247
8 4 0
8 5 0
8 6 0
8 7 0
8 8 0.003742845836899517
8 9 0
8 10 0
8 11 0
8 12 0
8 13 0
8 14 0
8 15 0
9 0 0
9 1 0
9 2 0
9 3 0
9 4 0.05718858683815708
9 5 0
9 6 0
9 7 0
9 8 0
9 9 0.003738887947830783
9 10 0
9 11 0
9 12 0
9 13 0
9 14 0
9 15 0
10 0 0
10 1 0
10 2 0
10 3 0
10 4 0
10 5 0
10 6 0
10 7 0
10 8 0
10 9 0
10 10 0
10 11 0
10 12 0
10 13 0
10 14 0
10 15 0
11 0 -0.004782626860835075
11 1 0
11 2 -0.0109148470248204
11 3 0
11 4 0
11 5 0
11 6 0
11 7 0
11 8 0
11 9 0
11 10 0
11 11 0.0002293950051942997
11 12 0
11 13 0
11 14 -0.000330678634116843
11 15 0
12 0 0
12 1 0
12 2 0
12 3 0
12 4 0
12 5 0.03797536025930687
12 6 0
12 7 0
12 8 0
12 9 0
12 10 0
12 11 0
12 12 0.003131834143342878
12 13 0
12 14 0
12 15 0
13 0 0
13 1 0
13 2 0
13 3 0
13 4 0
13 5 0
13 6 0.04180057214703055
13 7 0
13 8 0
13 9 0
13 10 0
13 11 0
13 12 0
13 13 0.003229423880686906
13 14 0
13 15 0
14 0 0
14 1 0
14 2 0.02325127799180168
14 3 0
14 4 0
14 5 0
14 6 0
14 7 0
14 8 0
14 9 0
14 10 0
14 11 -0.0003306786341168429
14 12 0
14 13 0
14 14 0.0007509568132589995
14 15 0
15 0 0
15 1 0.004941648595035663
15 2 0
15 3 0
15 4 0
15 5 0
15 6 0
15 7 0
15 8 0
15 9 0
15 10 0
15 11 0
15 12 0
15 13 0
15 14 0
15 15 3.878191351582094e-05
