0 0 1.998361745157428
0 1 -9.403617889189566e-05
0 2 4.440064789071135e-05
0 3 -0.0007547074416309073
0 4 0.0002698106113378531
0 5 3.654460552751328e-05
0 6 0.004966118241742479
0 7 -0.00110918148267672
0 8 0.001672639062701502
0 9 0.0002110565279683605
0 10 -0.0004567841736943465
0 11 -5.567012039257284e-05
0 12 -0.002270597180995864
0 13 6.76834219254293e-05
0 14 -2.582929683763656e-05
0 15 -4.889745521271057e-05
0 16 -0.00200823505591073
0 17 2.975801212631043e-05
0 18 -0.001074948083521227
0 19 -0.0002953332328501561
0 20 -0.001061482899819344
0 21 -0.0002059132798541881
0 22 0.0001594895540598695
0 23 6.143827537949574e-05
0 24 -0.006038895638425552
0 25 0.0007008019526517714
0 26 -7.506365992909603e-05
0 27 -0.0003776330701024326
0 28 0.0009347824257997567
0 29 8.673572558489208e-05
0 30 -0.007353011537752757
0 31 0.0001338044195699895
0 32 -7.54004625712922e-05
0 33 -0.0006818462832784773
0 34 0.006957028757000439
0 35 4.064198736960268e-05
1 0 -9.403617889189563e-05
1 1 1.993752585893987
1 2 -0.0005115487685049341
1 3 -9.980827949914616e-05
1 4 0.0001006930175443669
1 5 0.008685863060031093
1 6 0.001568290701525145
1 7 0.006287642555076503
1 8 0.001793470423745661
1 9 -0.003561710474850966
1 10 -0.0006313537427006066
1 11 -0.000919438467514807
1 12 -0.0001561030479971386
1 13 9.462161554907443e-05
1 14 -0.002668365966947078
1 15 -0.003669114102203154
1 16 -0.0003822903877460621
1 17 0.0001253238027534867
1 18 0.0001088006005111596
1 19 -0.005463771063038194
1 20 0.0003012638301293459
1 21 -0.0004050076973079148
1 22 0.00023608101402898
1 23 -0.001710750543812118
1 24 -0.0004024354910416784
1 25 0.0001690991095536649
1 26 -0.001545032403630802
1 27 -0.04069968369107498
1 28 -0.0001156264887632429
1 29 -0.000639204913299682
1 30 -0.0005406667954468889
1 31 0.008754578440899226
1 32 -0.009156726117318313
1 33 0.003427177888773169
1 34 0.000752679119244625
1 35 -0.00123651458372703
2 0 4.440064789071134e-05
2 1 -0.0005115487685049341
2 2 1.994829102189101
2 3 1.81202608724013e-05
2 4 5.6407648516189e-05
2 5 0.003163164523432059
2 6 0.0001328989871076483
2 7 0.001882645632454907
2 8 0.0004523260501352718
2 9 -0.001053594723439147
2 10 -0.0001150659928506064
2 11 0.0004222912982801006
2 12 0.0001325891233525188
2 13 6.319207249958636e-05
2 14 -0.003212288398686121
2 15 0.002158383307453218
2 16 -6.460593008696121e-05
2 17 0.0009560434365007615
2 18 0.0001561677862476821
2 19 -0.001757963272987606
2 20 -0.0002562854156856704
2 21 0.0009571272207231983
2 22 -7.469942638479823e-05
2 23 0.00480762459974668
2 24 0.0003198942014847431
2 25 -0.0001736474086937253
2 26 -0.00106253840463969
2 27 -0.01381273047869952
2 28 -0.0007977299526997432
2 29 -0.0005645607642455747
2 30 -0.0001034122337621483
2 31 0.009360444102182949
2 32 0.007266867034892334
2 33 -0.009378863101953884
2 34 -0.001143422907979704
2 35 0.003683386503170459
3 0 -0.0007547074416309073
3 1 -9.980827949914616e-05
3 2 1.812026087240131e-05
3 3 1.993375682962206
3 4 -0.000635012576444635
3 5 -0.0001835797508339861
3 6 0.003409081990764506
3 7 -0.0005979707241904044
3 8 0.0009539586192620608
3 9 5.1508861182895e-05
3 10 -0.0004726751171474279
3 11 -9.895328133507608e-05
3 12 0.0009146196881671433
3 13 -0.0003066695999478494
3 14 -0.0002015289098898437
3 15 -0.0001792354673305998
3 16 -0.0002180610071932455
3 17 -8.624940274409715e-06
3 18 -0.001463754358590748
3 19 -0.0002017350161639389
3 20 0.001313611841815018
3 21 0.0001536122284784748
3 22 -0.0003776946651017627
3 23 5.042100895821937e-05
3 24 -0.003683948801539846
3 25 0.0001890063083295452
3 26 0.0002620655027718408
3 27 2.525774259605712e-05
3 28 0.00165199209007811
3 29 0.004524645932289382
3 30 -0.006983824584997717
3 31 0.0003110537523230096
3 32 0.0001702243385957631
3 33 -0.0007881128461364362
3 34 0.00723965041999812
3 35 -5.514083055774436e-05
4 0 0.000269810611337853
4 1 0.0001006930175443669
4 2 5.640764851618902e-05
4 3 -0.0006350125764446356
4 4 1.991471318832668
4 5 -0.000403814553013571
4 6 0.0002868980771484924
4 7 -0.0002043878334762916
4 8 -0.0002121987267065916
4 9 0.0001449880224881395
4 10 -4.992286902370731e-05
4 11 -1.61522996943583e-05
4 12 -0.001687575393903254
4 13 4.88754343665419e-05
4 14 1.218426869672088e-05
4 15 3.530724355950318e-05
4 16 -0.0009095968204735083
4 17 -2.22868238659873e-05
4 18 1.8488540182281e-05
4 19 2.57120967850745e-05
4 20 0.002652664854933921
4 21 0.0003633194259912438
4 22 -0.0001308958977652945
4 23 0.0001082495042863086
4 24 0.00173652591634408
4 25 0.000348343341405858
4 26 -7.635239095400654e-08
4 27 0.00193777744028213
4 28 0.0002525834939865201
4 29 -0.003190496475019386
4 30 0.001049212990490238
4 31 4.977754751453399e-05
4 32 0.0001535170364182782
4 33 0.001008258796583729
4 34 -0.01046911494781525
4 35 -0.0001233123561458604
5 0 3.654460552751327e-05
5 1 0.008685863060031093
5 2 0.003163164523432059
5 3 -0.000183579750833986
5 4 -0.0004038145530135709
5 5 1.952414920612822
5 6 -0.002662279277891039
5 7 -0.01211863497201073
5 8 -0.003409756292990608
5 9 0.008918828899835632
5 10 0.001169437589316711
5 11 0.001916705804388982
5 12 9.05696597876165e-06
5 13 -0.0001455469836012181
5 14 -0.001541652556431298
5 15 -0.001584683556779065
5 16 0.0001058964905312914
5 17 -0.0003826031975833627
5 18 0.0004516071588708119
5 19 -0.003378064295780445
5 20 0.0002953151465737063
5 21 0.0003025839664827019
5 22 -0.0001376242454586716
5 23 6.527270073649149e-05
5 24 -0.0001842425728351136
5 25 8.87971573261386e-05
5 26 0.009433987113669655
5 27 0.1644325488850611
5 28 0.0002524690349133927
5 29 0.0004228242658487474
5 30 1.108575982014936e-05
5 31 -0.004302988772584375
5 32 0.002093275627025561
5 33 -0.0001994520326148622
5 34 0.0003604612416398484
5 35 -0.0001465196185084926
6 0 0.00496611824174248
6 1 0.001568290701525144
6 2 0.0001328989871076483
6 3 0.003409081990764506
6 4 0.000286898077148492
6 5 -0.002662279277891039
6 6 1.960997873934919
6 7 0.000432537519419501
6 8 -0.003917501391336357
6 9 0.001929634671524487
6 10 0.006659592616178232
6 11 0.001304749967458811
6 12 0.01840605567021696
6 13 0.001327481551003381
6 14 0.003574780228614819
6 15 0.002927280257912336
6 16 0.003803126994076156
6 17 -0.0002816987282591222
6 18 0.01433070116241542
6 19 0.003992934288595451
6 20 -0.00561566877597813
6 21 -0.0006893652799631628
6 22 0.00256262678038072
6 23 -0.001072449650469539
6 24 0.03287295371886821
6 25 -0.008944646572508541
6 26 -0.004268590136170518
6 27 0.02355568475907076
6 28 -0.01575978712037061
6 29 -0.0223708995702613
6 30 0.03041791162131492
6 31 -0.000292540072983114
6 32 -0.000296357633679279
6 33 0.0007980652279649975
6 34 -0.008880932981847216
6 35 -0.0003423720909152024
7 0 -0.00110918148267672
7 1 0.006287642555076502
7 2 0.001882645632454906
7 3 -0.0005979707241904044
7 4 -0.0002043878334762916
7 5 -0.01211863497201072
7 6 0.0004325375194195015
7 7 1.96647202844252
7 8 0.0003069528742837256
7 9 0.01877972131954003
7 10 0.004091997816552149
7 11 0.003702597573082131
7 12 -0.003751545216837697
7 13 0.001547638766669927
7 14 0.01529114430903543
7 15 0.01238302856110268
7 16 -0.0003071492591658574
7 17 -0.001288029909149498
7 18 -0.004228003735559073
7 19 0.0135197914770349
7 20 0.0005364003002477427
7 21 -0.0001005522671112452
7 22 0.0002540923667463494
7 23 -0.0001398775371075838
7 24 -0.007815616379556937
7 25 -0.003253135015182605
7 26 -0.0210499411284127
7 27 0.1067525060227662
7 28 -0.001460149278195472
7 29 0.006423490726123054
7 30 -0.00817574299805638
7 31 0.002425069260894271
7 32 -0.0008702406300831085
7 33 -0.001007245387011693
7 34 0.002089227865732485
7 35 -8.723813341986292e-05
8 0 0.001672639062701502
8 1 0.001793470423745661
8 2 0.0004523260501352718
8 3 0.0009539586192620609
8 4 -0.0002121987267065915
8 5 -0.003409756292990607
8 6 -0.003917501391336357
8 7 0.0003069528742837249
8 8 1.966335956477792
8 9 0.005745184247159939
8 10 -0.00872358599578763
8 11 0.001041342122040735
8 12 0.006324505847779769
8 13 -0.009386842170207807
8 14 0.003569462010669845
8 15 0.003007996331957684
8 16 0.001451304408631261
8 17 -0.0006642431335335749
8 18 0.005376865531083666
8 19 0.003387651503274893
8 20 -0.002047979055961121
8 21 0.0003128537773324975
8 22 -0.004874060770847397
8 23 -0.0004908752711246862
8 24 0.01224858544381041
8 25 0.01751329743804382
8 26 -0.004799756397930397
8 27 0.02738676202777759
8 28 0.01265563090791146
8 29 -0.01242780665870281
8 30 0.0112855107580251
8 31 0.0005825094438503338
8 32 -0.0001613975248287025
8 33 0.0005860484820176526
8 34 -0.003038423473299101
8 35 0.0002376857106125241
9 0 0.0002110565279683604
9 1 -0.003561710474850966
9 2 -0.001053594723439147
9 3 5.150886118289497e-05
9 4 0.0001449880224881395
9 5 0.00891882889983563
9 6 0.001929634671524487
9 7 0.01877972131954003
9 8 0.005745184247159939
9 9 1.97383903614038
9 10 -0.001377094166445795
9 11 -0.002708073655618923
9 12 0.0007963024462527089
9 13 0.001082244930685341
9 14 -0.01207450614463252
9 15 -0.01031054680959169
9 16 -0.0004179234306029463
9 17 0.0007132548302630148
9 18 0.001534701266460684
9 19 -0.01361636381499477
9 20 0.000240476788527327
9 21 0.0003197635904109497
9 22 0.0007582206265104136
9 23 0.000174898299307697
9 24 0.001608224208528178
9 25 -0.001394283243178653
9 26 0.0165557172365606
9 27 -0.08520016421739882
9 28 -0.0005761440579890747
9 29 -0.001172180737395706
9 30 0.00180729075829196
9 31 0.00191008809611016
9 32 -0.001922857736975057
9 33 0.002131625890947084
9 34 0.000231132646120552
9 35 0.001731316008849742
10 0 -0.0004567841736943464
10 1 -0.0006313537427006067
10 2 -0.0001150659928506064
10 3 -0.0004726751171474278
10 4 -4.992286902370718e-05
10 5 0.001169437589316711
10 6 0.006659592616178232
10 7 0.004091997816552149
10 8 -0.008723585995787628
10 9 -0.001377094166445796
10 10 1.984718618988808
10 11 -0.000934395086525174
10 12 -0.002472622330812374
10 13 -0.009536915504940964
10 14 -0.002371077490280128
10 15 -0.001574966565140975
10 16 -0.0001478061635508187
10 17 0.0001326704145334756
10 18 -0.001405830071293687
10 19 -0.002102740259355116
10 20 0.001454991431131152
10 21 2.26971021050908e-05
10 22 0.002111336471570344
10 23 0.0001041219367746278
10 24 -0.00293059790421719
10 25 0.01062962585587102
10 26 0.002912506875700202
10 27 -0.01277304448275076
10 28 -0.003763854949922659
10 29 0.003952897708079488
10 30 -0.00330242735203049
10 31 0.0003819284155259505
10 32 0.0002441148720849617
10 33 -0.0001999342784153451
10 34 0.000616759002638579
10 35 -0.0004062415964324412
11 0 -5.567012039257285e-05
11 1 -0.000919438467514807
11 2 0.0004222912982800999
11 3 -9.89532813350761e-05
11 4 -1.615229969435832e-05
11 5 0.00191670580438898
11 6 0.001304749967458811
11 7 0.003702597573082131
11 8 0.001041342122040735
11 9 -0.002708073655618924
11 10 -0.0009343950865251742
11 11 1.985493729661407
11 12 -0.0003514700263269338
11 13 0.0003265060774216473
11 14 -0.003596570977742197
11 15 -0.0008679744280238598
11 16 -7.8773588980394e-05
11 17 0.002818510592391178
11 18 7.473316689705147e-06
11 19 -0.00300803454834209
11 20 0.0005366289311200019
11 21 -0.001912618171724659
11 22 -9.221631299654063e-05
11 23 -0.0003397691341416264
11 24 -0.0006399706654172329
11 25 0.0005095446776902687
11 26 0.003492279803616263
11 27 -0.01820626795773663
11 28 0.0007872267985380497
11 29 0.000403598850226779
11 30 -0.0007075019427347133
11 31 0.0050592606647369
11 32 0.006469875784650555
11 33 -0.008519046702813905
11 34 -0.0007956981092824252
11 35 -0.01205663272851734
12 0 -0.002270597180995864
12 1 -0.0001561030479971388
12 2 0.0001325891233525188
12 3 0.0009146196881671435
12 4 -0.001687575393903254
12 5 9.056965978761627e-06
12 6 0.01840605567021696
12 7 -0.003751545216837698
12 8 0.006324505847779769
12 9 0.0007963024462527089
12 10 -0.002472622330812374
12 11 -0.0003514700263269338
12 12 1.984136771279521
12 13 1.192241188568226e-05
12 14 -0.0006710565875746909
12 15 -0.0005566754531758898
12 16 0.002790418194387692
12 17 4.654770161040356e-05
12 18 -0.01002575443469514
12 19 -0.0005496557195450131
12 20 0.005874095738516098
12 21 0.0008138130721126812
12 22 -0.0007680865018607843
12 23 0.0002436004101354201
12 24 -0.00778941891737461
12 25 0.00138853093506649
12 26 0.0008154653775812808
12 27 -0.001724879454238666
12 28 0.003840168911929577
12 29 0.0132897726958229
12 30 -0.01090038099874815
12 31 -0.0008970961369847571
12 32 0.0002181531643436744
12 33 0.002610569858343798
12 34 -0.02004583630594253
12 35 0.0002913802725004971
13 0 6.76834219254293e-05
13 1 9.462161554907452e-05
13 2 6.319207249958633e-05
13 3 -0.0003066695999478494
13 4 4.887543436654197e-05
13 5 -0.0001455469836012181
13 6 0.001327481551003382
13 7 0.001547638766669927
13 8 -0.009386842170207806
13 9 0.001082244930685341
13 10 -0.009536915504940964
13 11 0.0003265060774216473
13 12 1.192241188568231e-05
13 13 1.985336206698049
13 14 -0.0001664165530286221
13 15 7.416748670699489e-05
13 16 -0.00022089472286534
13 17 -3.838382927148537e-05
13 18 0.000716924745430135
13 19 -0.0001229120567642911
13 20 0.0001096291221240146
13 21 8.081818869265755e-05
13 22 -0.000530238491960247
13 23 0.0001268912930493399
13 24 0.0002159969307472021
13 25 0.01332187763880473
13 26 -4.305657879258935e-05
13 27 0.0006723789082390397
13 28 0.004902591123144064
13 29 -0.00112603364551245
13 30 0.0008879395964874405
13 31 0.0003634454287410075
13 32 -0.0007715515123536334
13 33 -1.486017478656996e-05
13 34 0.002561989018111459
13 35 -0.0003263289296176792
14 0 -2.582929683763655e-05
14 1 -0.002668365966947077
14 2 -0.003212288398686121
14 3 -0.0002015289098898437
14 4 1.218426869672087e-05
14 5 -0.001541652556431299
14 6 0.003574780228614819
14 7 0.01529114430903542
14 8 0.003569462010669845
14 9 -0.01207450614463252
14 10 -0.002371077490280128
14 11 -0.003596570977742198
14 12 -0.0006710565875746912
14 13 -0.000166416553028622
14 14 1.984390167121728
14 15 -0.007444995236753999
14 16 6.627370575018326e-05
14 17 0.003775218207328952
14 18 0.0001466525428202082
14 19 -0.005095023280991465
14 20 0.0004192210092642155
14 21 0.002538153659816101
14 22 0.0003824161653161254
14 23 -0.0002760944083883285
14 24 -0.0006355239037907509
14 25 0.0006365322078224983
14 26 0.01726194119983346
14 27 -0.0360915779285898
14 28 0.0005754611872660821
14 29 0.002190093890109215
14 30 -6.867683540691776e-05
14 31 -0.0115609550619462
14 32 0.007213059141377067
14 33 -0.003442428626560318
14 34 -0.0003640629893707717
14 35 0.009077756143545132
15 0 -4.889745521271055e-05
15 1 -0.003669114102203155
15 2 0.002158383307453218
15 3 -0.0001792354673305998
15 4 3.530724355950319e-05
15 5 -0.001584683556779064
15 6 0.002927280257912336
15 7 0.01238302856110268
15 8 0.003007996331957684
15 9 -0.01031054680959169
15 10 -0.001574966565140975
15 11 -0.0008679744280238595
15 12 -0.0005566754531758898
15 13 7.416748670699497e-05
15 14 -0.007444995236753998
15 15 1.987096542136002
15 16 -5.527397260738439e-05
15 17 -0.004766451126095304
15 18 2.303218464319774e-05
15 19 -0.004536468815343849
15 20 0.0007166689884901539
15 21 -0.002283781804490973
15 22 -4.046375869449828e-05
15 23 0.001428414618424502
15 24 -0.0001996053942155281
15 25 2.594934467420939e-05
15 26 0.01375740527419219
15 27 -0.02788202172877285
15 28 7.103127537828026e-05
15 29 0.001480433580878229
15 30 0.000347473862452887
15 31 -0.007421372876049562
15 32 0.008452197457264544
15 33 0.004933157100116867
15 34 0.0002323507662132524
15 35 -0.009787005040021928
16 0 -0.00200823505591073
16 1 -0.000382290387746062
16 2 -6.460593008696118e-05
16 3 -0.0002180610071932464
16 4 -0.0009095968204735083
16 5 0.0001058964905312915
16 6 0.003803126994076155
16 7 -0.0003071492591658577
16 8 0.001451304408631261
16 9 -0.0004179234306029463
16 10 -0.0001478061635508189
16 11 -7.877358898039402e-05
16 12 0.002790418194387693
16 13 -0.0002208947228653399
16 14 6.627370575018322e-05
16 15 -5.527397260738451e-05
16 16 1.976837970917863
16 17 4.953125999067305e-05
16 18 0.005784341193587133
16 19 -0.001357866965340136
16 20 -0.01574430831508362
16 21 -0.002142082506417911
16 22 0.001383761931509818
16 23 -9.508781232685676e-05
16 24 -0.009968160980989696
16 25 -0.0001468509539652696
16 26 -0.0005220405877801684
16 27 -0.002330560870965217
16 28 -0.01327796031992553
16 29 -0.04812595327232629
16 30 -0.007559883096100407
16 31 -6.532836579131146e-05
16 32 -4.816801617596988e-05
16 33 -0.004977281937298387
16 34 0.04064679448185789
16 35 8.635916916628771e-05
17 0 2.975801212631041e-05
17 1 0.0001253238027534868
17 2 0.0009560434365007615
17 3 -8.624940274409759e-06
17 4 -2.228682386598732e-05
17 5 -0.0003826031975833628
17 6 -0.0002816987282591222
17 7 -0.001288029909149498
17 8 -0.0006642431335335751
17 9 0.0007132548302630153
17 10 0.0001326704145334756
17 11 0.002818510592391179
17 12 4.654770161040358e-05
17 13 -3.83838292714853e-05
17 14 0.003775218207328952
17 15 -0.004766451126095305
17 16 4.953125999067307e-05
17 17 1.968005968490495
17 18 -0.0004515551239285297
17 19 0.000107527082268055
17 20 -0.001028532237133983
17 21 0.007449930419772695
17 22 -0.0002938892694940639
17 23 0.008197590912692895
17 24 8.221468548766458e-05
17 25 -0.0004626193850837737
17 26 -0.001328112054788633
17 27 0.005900289459490467
17 28 -0.003209377804764265
17 29 -0.0003185736876095279
17 30 -0.000650209438777484
17 31 0.03581195140705584
17 32 0.06232375416325384
17 33 0.01215497840830182
17 34 -0.0002496265388519341
17 35 0.0153246558588949
18 0 -0.001074948083521227
18 1 0.0001088006005111597
18 2 0.0001561677862476821
18 3 -0.001463754358590748
18 4 1.848854018228131e-05
18 5 0.0004516071588708122
18 6 0.01433070116241542
18 7 -0.004228003735559073
18 8 0.005376865531083665
18 9 0.001534701266460684
18 10 -0.001405830071293687
18 11 7.473316689705182e-06
18 12 -0.01002575443469514
18 13 0.000716924745430135
18 14 0.0001466525428202081
18 15 2.303218464319776e-05
18 16 0.005784341193587133
18 17 -0.0004515551239285301
18 18 1.988490463331557
18 19 0.001161149815487917
18 20 0.007033156601350244
18 21 0.001155619726213436
18 22 -0.0006027840461979579
18 23 0.000473845567100902
18 24 -0.005982222376010267
18 25 0.0005809900341089461
18 26 7.636014100997948e-05
18 27 0.0003334476212681107
18 28 0.007030991018222008
18 29 0.02672271271736941
18 30 -0.0009332303026453215
18 31 -0.001215321819252432
18 32 0.002041006423369796
18 33 0.001634289890269618
18 34 -0.01398327780236477
18 35 0.0007691548230444019
19 0 -0.0002953332328501563
19 1 -0.005463771063038195
19 2 -0.001757963272987606
19 3 -0.0002017350161639388
19 4 2.571209678507444e-05
19 5 -0.003378064295780444
19 6 0.003992934288595451
19 7 0.0135197914770349
19 8 0.003387651503274893
19 9 -0.01361636381499477
19 10 -0.002102740259355115
19 11 -0.00300803454834209
19 12 -0.000549655719545013
19 13 -0.0001229120567642912
19 14 -0.005095023280991464
19 15 -0.004536468815343848
19 16 -0.001357866965340136
19 17 0.0001075270822680555
19 18 0.001161149815487917
19 19 1.960702543758218
19 20 0.001570732346835729
19 21 0.0004069529302605002
19 22 0.0005144699549777076
19 23 -0.000163654245247783
19 24 -0.001086483769585977
19 25 1.480789633506065e-05
19 26 -0.003901775859129216
19 27 -0.03450374672039726
19 28 -0.003395243260726976
19 29 -0.003569020721205905
19 30 -0.001505713796211532
19 31 0.07089379885555235
19 32 -0.03763620277362519
19 33 0.001548642121651956
19 34 0.0007037872905385776
19 35 -0.0007927986628834065
20 0 -0.001061482899819344
20 1 0.0003012638301293458
20 2 -0.0002562854156856704
20 3 0.001313611841815018
20 4 0.002652664854933921
20 5 0.0002953151465737063
20 6 -0.00561566877597813
20 7 0.0005364003002477427
20 8 -0.002047979055961121
20 9 0.0002404767885273271
20 10 0.001454991431131152
20 11 0.0005366289311200018
20 12 0.005874095738516097
20 13 0.0001096291221240143
20 14 0.0004192210092642154
20 15 0.0007166689884901538
20 16 -0.01574430831508362
20 17 -0.001028532237133983
20 18 0.007033156601350244
20 19 0.001570732346835728
20 20 1.975235839500383
20 21 0.0002293420611214021
20 22 0.001237503804783708
20 23 7.858050233388927e-05
20 24 0.004711009141502883
20 25 -0.002861126246342918
20 26 0.000310957081615711
20 27 0.001547232466771277
20 28 -0.01514792592328522
20 29 -0.0372897524763765
20 30 0.01744907387229449
20 31 -0.003500699112626282
20 32 0.003677626464678952
20 33 -0.006881171822853808
20 34 0.04079057901534
20 35 0.00726316015964509
21 0 -0.0002059132798541881
21 1 -0.0004050076973079147
21 2 0.0009571272207231981
21 3 0.0001536122284784749
21 4 0.0003633194259912438
21 5 0.0003025839664827021
21 6 -0.0006893652799631628
21 7 -0.0001005522671112453
21 8 0.0003128537773324974
21 9 0.0003197635904109499
21 10 2.269710210509091e-05
21 11 -0.001912618171724659
21 12 0.0008138130721126813
21 13 8.081818869265758e-05
21 14 0.002538153659816101
21 15 -0.002283781804490973
21 16 -0.002142082506417911
21 17 0.007449930419772696
21 18 0.001155619726213436
21 19 0.0004069529302604998
21 20 0.0002293420611214019
21 21 1.971968134680165
21 22 -0.000466461048837752
21 23 -0.00121834495021054
21 24 0.0004021217609322129
21 25 0.0005422253830059105
21 26 0.0001834309642373378
21 27 -0.0008420576471178554
21 28 0.0006340804120229837
21 29 -0.00490938322651
21 30 0.00287955648998839
21 31 -0.003724473393902405
21 32 -0.002897495631848883
21 33 0.003524157975036358
21 34 0.007171254315819051
21 35 -0.05702768288582623
22 0 0.0001594895540598693
22 1 0.00023608101402898
22 2 -7.469942638479823e-05
22 3 -0.0003776946651017627
22 4 -0.0001308958977652944
22 5 -0.0001376242454586716
22 6 0.002562626780380719
22 7 0.0002540923667463494
22 8 -0.004874060770847397
22 9 0.0007582206265104136
22 10 0.002111336471570345
22 11 -9.221631299654063e-05
22 12 -0.0007680865018607846
22 13 -0.0005302384919602466
22 14 0.0003824161653161254
22 15 -4.04637586944983e-05
22 16 0.001383761931509818
22 17 -0.0002938892694940639
22 18 -0.0006027840461979575
22 19 0.0005144699549777076
22 20 0.001237503804783708
22 21 -0.0004664610488377519
22 22 1.987372343751233
22 23 0.0003911935325179669
22 24 -0.00121161793926063
22 25 -0.01434295508177292
22 26 -3.082179000670465e-05
22 27 0.002217638998108655
22 28 -0.03022833896430919
22 29 0.01244244633205594
22 30 -0.003311339447850088
22 31 -0.000812631490733223
22 32 0.002066440757724776
22 33 -0.000204437345474051
22 34 -0.003997682334056351
22 35 -0.002966493076977504
23 0 6.143827537949577e-05
23 1 -0.001710750543812118
23 2 0.004807624599746681
23 3 5.042100895821935e-05
23 4 0.0001082495042863086
23 5 6.527270073649152e-05
23 6 -0.00107244965046954
23 7 -0.0001398775371075836
23 8 -0.0004908752711246862
23 9 0.0001748982993076972
23 10 0.0001041219367746279
23 11 -0.0003397691341416267
23 12 0.00024360041013542
23 13 0.0001268912930493399
23 14 -0.0002760944083883285
23 15 0.001428414618424501
23 16 -9.508781232685673e-05
23 17 0.008197590912692895
23 18 0.0004738455671009021
23 19 -0.0001636542452477837
23 20 7.858050233388873e-05
23 21 -0.001218344950210541
23 22 0.0003911935325179671
23 23 1.974880113096403
23 24 0.001710398283897472
23 25 -0.000335127712311004
23 26 -2.122330654919491e-05
23 27 0.000776671330707391
23 28 -0.00100050046006013
23 29 -0.001559943314241528
23 30 0.002409052322879163
23 31 -0.01882386518610563
23 32 -0.03505867095593816
23 33 0.04915840172819801
23 34 0.005391184544969478
23 35 0.001428440520941712
24 0 -0.006038895638425552
24 1 -0.0004024354910416784
24 2 0.0003198942014847431
24 3 -0.003683948801539846
24 4 0.00173652591634408
24 5 -0.0001842425728351136
24 6 0.03287295371886821
24 7 -0.007815616379556935
24 8 0.01224858544381041
24 9 0.001608224208528178
24 10 -0.002930597904217189
24 11 -0.0006399706654172329
24 12 -0.00778941891737461
24 13 0.0002159969307472025
24 14 -0.0006355239037907508
24 15 -0.0001996053942155279
24 16 -0.009968160980989696
24 17 8.221468548766451e-05
24 18 -0.00598222237601027
24 19 -0.001086483769585977
24 20 0.004711009141502882
24 21 0.0004021217609322133
24 22 -0.00121161793926063
24 23 0.001710398283897471
24 24 1.930136588253608
24 25 0.001770562195969304
24 26 0.0004224248346426492
24 27 2.623792723178373e-05
24 28 0.007609288089514582
24 29 0.03977346746298204
24 30 -0.06230659086846994
24 31 0.001781050141063186
24 32 -1.655320513022385e-05
24 33 -0.007034837596406589
24 34 0.06240154326172664
24 35 0.000374134017692261
25 0 0.0007008019526517715
25 1 0.0001690991095536648
25 2 -0.0001736474086937253
25 3 0.0001890063083295451
25 4 0.000348343341405858
25 5 8.879715732613817e-05
25 6 -0.008944646572508539
25 7 -0.003253135015182604
25 8 0.01751329743804382
25 9 -0.001394283243178653
25 10 0.01062962585587102
25 11 0.0005095446776902686
25 12 0.00138853093506649
25 13 0.01332187763880473
25 14 0.0006365322078224985
25 15 2.594934467420905e-05
25 16 -0.0001468509539652685
25 17 -0.0004626193850837736
25 18 0.0005809900341089465
25 19 1.480789633506077e-05
25 20 -0.002861126246342919
25 21 0.0005422253830059108
25 22 -0.01434295508177292
25 23 -0.0003351277123110035
25 24 0.001770562195969304
25 25 1.942150178485966
25 26 -0.0002191066725982124
25 27 0.001425874789221871
25 28 -0.1127475497368639
25 29 0.02496917078915857
25 30 -0.001699601099740853
25 31 -0.001993405889938927
25 32 0.0005351180748444427
25 33 -0.0004687817684449762
25 34 -0.003451392181213773
25 35 0.0002253289930432812
26 0 -7.506365992909598e-05
26 1 -0.001545032403630804
26 2 -0.00106253840463969
26 3 0.0002620655027718408
26 4 -7.635239095399299e-08
26 5 0.009433987113669655
26 6 -0.004268590136170518
26 7 -0.0210499411284127
26 8 -0.004799756397930397
26 9 0.0165557172365606
26 10 0.002912506875700201
26 11 0.003492279803616263
26 12 0.0008154653775812809
26 13 -4.305657879258928e-05
26 14 0.01726194119983346
26 15 0.01375740527419219
26 16 -0.0005220405877801679
26 17 -0.001328112054788635
26 18 7.636014100997966e-05
26 19 -0.003901775859129218
26 20 0.0003109570816157109
26 21 0.0001834309642373374
26 22 -3.082179000670453e-05
26 23 -2.122330654919493e-05
26 24 0.0004224248346426493
26 25 -0.0002191066725982127
26 26 1.94292629670313
26 27 0.01064411029377893
26 28 -0.001451555745841806
26 29 -0.006425365876231028
26 30 -0.003905129567839157
26 31 0.04959267545431854
26 32 -0.02784493626467921
26 33 -0.00175810155983926
26 34 -0.0009647797395957603
26 35 5.806845550120557e-05
27 0 -0.0003776330701024325
27 1 -0.04069968369107499
27 2 -0.01381273047869952
27 3 2.525774259605709e-05
27 4 0.001937777440282131
27 5 0.1644325488850611
27 6 0.02355568475907076
27 7 0.1067525060227663
27 8 0.02738676202777759
27 9 -0.08520016421739887
27 10 -0.01277304448275076
27 11 -0.01820626795773664
27 12 -0.001724879454238666
27 13 0.0006723789082390399
27 14 -0.0360915779285898
27 15 -0.02788202172877286
27 16 -0.002330560870965218
27 17 0.005900289459490468
27 18 0.0003334476212681105
27 19 -0.03450374672039726
27 20 0.001547232466771276
27 21 -0.0008420576471178554
27 22 0.002217638998108655
27 23 0.0007766713307073911
27 24 2.623792723178353e-05
27 25 0.001425874789221871
27 26 0.01064411029377893
27 27 0.2746136051103596
27 28 0.000347011599039469
27 29 0.000207407459406326
27 30 0.0003921164268641984
27 31 -0.00793704012100409
27 32 0.003508533565025683
27 33 -0.0002394685884078586
27 34 -0.0004189032611221645
27 35 -0.0001528035028603171
28 0 0.000934782425799757
28 1 -0.000115626488763243
28 2 -0.0007977299526997432
28 3 0.00165199209007811
28 4 0.00025258349398652
28 5 0.0002524690349133927
28 6 -0.01575978712037062
28 7 -0.001460149278195472
28 8 0.01265563090791146
28 9 -0.0005761440579890748
28 10 -0.00376385494992266
28 11 0.0007872267985380497
28 12 0.003840168911929577
28 13 0.004902591123144064
28 14 0.000575461187266082
28 15 7.103127537828023e-05
28 16 -0.01327796031992553
28 17 -0.003209377804764265
28 18 0.007030991018222008
28 19 -0.003395243260726976
28 20 -0.01514792592328522
28 21 0.0006340804120229838
28 22 -0.03022833896430919
28 23 -0.00100050046006013
28 24 0.007609288089514582
28 25 -0.1127475497368639
28 26 -0.001451555745841806
28 27 0.0003470115990394688
28 28 0.06454000438179922
28 29 -0.0004174298066558328
28 30 -0.0001811672421984995
28 31 -1.74784546927212e-05
28 32 -0.0005351896557714088
28 33 -0.0001629349395174283
28 34 0.0009948194205178556
28 35 -0.0001000452611285803
29 0 8.673572558489217e-05
29 1 -0.0006392049132996821
29 2 -0.0005645607642455746
29 3 0.004524645932289382
29 4 -0.003190496475019388
29 5 0.0004228242658487475
29 6 -0.0223708995702613
29 7 0.006423490726123053
29 8 -0.01242780665870281
29 9 -0.001172180737395706
29 10 0.003952897708079489
29 11 0.000403598850226779
29 12 0.01328977269582291
29 13 -0.00112603364551245
29 14 0.002190093890109215
29 15 0.00148043358087823
29 16 -0.04812595327232627
29 17 -0.0003185736876095279
29 18 0.02672271271736941
29 19 -0.003569020721205904
29 20 -0.0372897524763765
29 21 -0.004909383226510001
29 22 0.01244244633205593
29 23 -0.001559943314241529
29 24 0.03977346746298203
29 25 0.02496917078915857
29 26 -0.006425365876231026
29 27 0.0002074074594063264
29 28 -0.0004174298066558288
29 29 0.05988846167468233
29 30 -0.004691562060204994
29 31 -0.0002709828843272619
29 32 0.0006949888388039655
29 33 -0.0003781727592285554
29 34 0.001594433478387997
29 35 -4.603534908014438e-05
30 0 -0.007353011537752757
30 1 -0.0005406667954468888
30 2 -0.0001034122337621483
30 3 -0.006983824584997718
30 4 0.001049212990490238
30 5 1.108575982014936e-05
30 6 0.03041791162131492
30 7 -0.00817574299805638
30 8 0.0112855107580251
30 9 0.00180729075829196
30 10 -0.003302427352030489
30 11 -0.0007075019427347133
30 12 -0.01090038099874815
30 13 0.0008879395964874404
30 14 -6.867683540691773e-05
30 15 0.000347473862452887
30 16 -0.007559883096100405
30 17 -0.0006502094387774839
30 18 -0.0009332303026453215
30 19 -0.001505713796211532
30 20 0.01744907387229448
30 21 0.002879556489988389
30 22 -0.003311339447850088
30 23 0.002409052322879163
30 24 -0.06230659086846995
30 25 -0.001699601099740853
30 26 -0.003905129567839157
30 27 0.0003921164268641998
30 28 -0.0001811672421984996
30 29 -0.004691562060204994
30 30 0.04800158334429339
30 31 -0.0007564141660519664
30 32 6.308121666447724e-05
30 33 0.001242218508813241
30 34 -0.007526716347863862
30 35 -0.0001950586842004054
31 0 0.0001338044195699895
31 1 0.008754578440899224
31 2 0.009360444102182949
31 3 0.0003110537523230096
31 4 4.9777547514534e-05
31 5 -0.004302988772584374
31 6 -0.000292540072983114
31 7 0.002425069260894271
31 8 0.000582509443850334
31 9 0.001910088096110159
31 10 0.0003819284155259505
31 11 0.005059260664736899
31 12 -0.0008970961369847572
31 13 0.0003634454287410076
31 14 -0.01156095506194619
31 15 -0.007421372876049562
31 16 -6.53283657913113e-05
31 17 0.03581195140705586
31 18 -0.001215321819252432
31 19 0.07089379885555235
31 20 -0.003500699112626282
31 21 -0.003724473393902406
31 22 -0.0008126314907332231
31 23 -0.01882386518610563
31 24 0.001781050141063187
31 25 -0.001993405889938927
31 26 0.04959267545431854
31 27 -0.007937040121004085
31 28 -1.747845469272176e-05
31 29 -0.0002709828843272619
31 30 -0.0007564141660519675
31 31 0.05319791677442894
31 32 -4.40384018679399e-05
31 33 -0.0003144132970598701
31 34 4.94352782102967e-05
31 35 -0.0001187236898740946
32 0 -7.540046257129219e-05
32 1 -0.009156726117318312
32 2 0.007266867034892334
32 3 0.000170224338595763
32 4 0.0001535170364182782
32 5 0.00209327562702556
32 6 -0.0002963576336792792
32 7 -0.0008702406300831085
32 8 -0.0001613975248287025
32 9 -0.001922857736975057
32 10 0.0002441148720849617
32 11 0.006469875784650556
32 12 0.0002181531643436744
32 13 -0.000771551512353633
32 14 0.007213059141377068
32 15 0.008452197457264542
32 16 -4.816801617596986e-05
32 17 0.06232375416325384
32 18 0.002041006423369796
32 19 -0.03763620277362521
32 20 0.003677626464678952
32 21 -0.002897495631848883
32 22 0.002066440757724776
32 23 -0.03505867095593816
32 24 -1.655320513022386e-05
32 25 0.0005351180748444427
32 26 -0.02784493626467921
32 27 0.003508533565025683
32 28 -0.0005351896557714098
32 29 0.0006949888388039648
32 30 6.30812166644778e-05
32 31 -4.403840186793697e-05
32 32 0.05225763393825403
32 33 -0.0005338835330209856
32 34 -0.000192584659850524
32 35 0.0001442881346363127
33 0 -0.0006818462832784773
33 1 0.003427177888773168
33 2 -0.009378863101953884
33 3 -0.0007881128461364361
33 4 0.001008258796583729
33 5 -0.0001994520326148623
33 6 0.0007980652279649976
33 7 -0.001007245387011692
33 8 0.0005860484820176528
33 9 0.002131625890947084
33 10 -0.0001999342784153451
33 11 -0.008519046702813905
33 12 0.002610569858343799
33 13 -1.486017478656993e-05
33 14 -0.003442428626560317
33 15 0.004933157100116867
33 16 -0.004977281937298386
33 17 0.01215497840830183
33 18 0.001634289890269618
33 19 0.001548642121651956
33 20 -0.006881171822853807
33 21 0.003524157975036359
33 22 -0.0002044373454740509
33 23 0.04915840172819803
33 24 -0.007034837596406588
33 25 -0.0004687817684449762
33 26 -0.00175810155983926
33 27 -0.0002394685884078607
33 28 -0.0001629349395174282
33 29 -0.0003781727592285556
33 30 0.001242218508813242
33 31 -0.0003144132970598696
33 32 -0.0005338835330209864
33 33 0.04779226738982828
33 34 0.0001714175366185427
33 35 0.003759914148362501
34 0 0.006957028757000439
34 1 0.000752679119244625
34 2 -0.001143422907979704
34 3 0.007239650419998122
34 4 -0.01046911494781525
34 5 0.0003604612416398485
34 6 -0.008880932981847216
34 7 0.002089227865732486
34 8 -0.003038423473299102
34 9 0.000231132646120552
34 10 0.000616759002638579
34 11 -0.0007956981092824251
34 12 -0.02004583630594254
34 13 0.002561989018111459
34 14 -0.0003640629893707717
34 15 0.0002323507662132524
34 16 0.04064679448185789
34 17 -0.0002496265388519341
34 18 -0.01398327780236477
34 19 0.0007037872905385775
34 20 0.04079057901534
34 21 0.00717125431581905
34 22 -0.003997682334056349
34 23 0.005391184544969479
34 24 0.06240154326172664
34 25 -0.003451392181213772
34 26 -0.0009647797395957601
34 27 -0.0004189032611221632
34 28 0.000994819420517855
34 29 0.001594433478388002
34 30 -0.007526716347863863
34 31 4.943527821029519e-05
34 32 -0.0001925846598505234
34 33 0.0001714175366185427
34 34 0.044535137691415
34 35 0.0002555732016487485
35 0 4.064198736960268e-05
35 1 -0.001236514583727029
35 2 0.003683386503170459
35 3 -5.514083055774432e-05
35 4 -0.0001233123561458603
35 5 -0.0001465196185084926
35 6 -0.0003423720909152024
35 7 -8.723813341986292e-05
35 8 0.0002376857106125241
35 9 0.001731316008849742
35 10 -0.0004062415964324412
35 11 -0.01205663272851734
35 12 0.0002913802725004971
35 13 -0.0003263289296176792
35 14 0.00907775614354513
35 15 -0.00978700504002193
35 16 8.635916916628748e-05
35 17 0.0153246558588949
35 18 0.0007691548230444019
35 19 -0.0007927986628834066
35 20 0.00726316015964509
35 21 -0.05702768288582625
35 22 -0.002966493076977505
35 23 0.001428440520941711
35 24 0.0003741340176922608
35 25 0.0002253289930432812
35 26 5.806845550120553e-05
35 27 -0.0001528035028603175
35 28 -0.0001000452611285799
35 29 -4.603534908014386e-05
35 30 -0.0001950586842004065
35 31 -0.0001187236898740962
35 32 0.000144288134636313
35 33 0.003759914148362502
35 34 0.0002555732016487483
35 35 0.03344466219664391
